y+, tke, epsilon, grad_u_11, grad_u_12, grad_u_13, grad_u_21, grad_u_22, grad_u_23, grad_u_31, grad_u_32, grad_u_33, uu_11, uu_12, uu_13, uu_21, uu_22, uu_23, uu_31, uu_32, uu_33, u_1, u_2, u_3
2.021587241307347903e-14 2.226049806053465952e-34 1.777839416990691090e-01 0.000000000000000000e+00 1.000000000000000000e+00 0.000000000000000000e+00 0.000000000000000000e+00 0.000000000000000000e+00 0.000000000000000000e+00 0.000000000000000000e+00 0.000000000000000000e+00 0.000000000000000000e+00 1.589292246274055017e-34 0.000000000000000000e+00 0.000000000000000000e+00 0.000000000000000000e+00 0.000000000000000000e+00 0.000000000000000000e+00 0.000000000000000000e+00 0.000000000000000000e+00 2.862807365832878170e-34 0.000000000000000000e+00 0.000000000000000000e+00 0.000000000000000000e+00
1.054557883895367032e-02 9.878875470412858828e-06 1.775424586251397874e-01 0.000000000000000000e+00 9.999420842626848271e-01 0.000000000000000000e+00 0.000000000000000000e+00 0.000000000000000000e+00 0.000000000000000000e+00 0.000000000000000000e+00 0.000000000000000000e+00 0.000000000000000000e+00 1.523861648546785067e-05 -8.884807685445174312e-10 0.000000000000000000e+00 -8.884807685445174312e-10 9.921444054028654427e-13 0.000000000000000000e+00 0.000000000000000000e+00 0.000000000000000000e+00 4.519133463213460360e-06 1.054527346420740946e-02 0.000000000000000000e+00 0.000000000000000000e+00
3.898567424427083761e-02 1.347676274187363965e-04 1.769039938349588059e-01 0.000000000000000000e+00 9.997858487893706014e-01 0.000000000000000000e+00 0.000000000000000000e+00 0.000000000000000000e+00 0.000000000000000000e+00 0.000000000000000000e+00 0.000000000000000000e+00 0.000000000000000000e+00 2.081908423874389896e-04 -4.496609804658739964e-08 0.000000000000000000e+00 -4.496609804658739964e-08 1.838486077114267097e-10 0.000000000000000000e+00 0.000000000000000000e+00 0.000000000000000000e+00 6.134422860142614683e-05 3.898150028900437131e-02 0.000000000000000000e+00 0.000000000000000000e+00
9.266416643727821978e-02 7.588063603666323669e-04 1.757463537300069933e-01 0.000000000000000000e+00 9.994904794541938919e-01 0.000000000000000000e+00 0.000000000000000000e+00 0.000000000000000000e+00 0.000000000000000000e+00 0.000000000000000000e+00 0.000000000000000000e+00 0.000000000000000000e+00 1.175434591648847910e-03 -6.057419558524182976e-07 0.000000000000000000e+00 -6.057419558524182976e-07 5.780802944012516667e-09 0.000000000000000000e+00 0.000000000000000000e+00 0.000000000000000000e+00 3.421723482814727972e-04 9.264057361745806074e-02 0.000000000000000000e+00 0.000000000000000000e+00
1.789178025409327022e-01 2.813958288338060110e-03 1.740033178001894054e-01 0.000000000000000000e+00 9.990129620892996831e-01 0.000000000000000000e+00 0.000000000000000000e+00 0.000000000000000000e+00 0.000000000000000000e+00 0.000000000000000000e+00 0.000000000000000000e+00 0.000000000000000000e+00 4.377914073883619819e-03 -4.382441321219609419e-06 0.000000000000000000e+00 -4.382441321219609419e-06 7.844260359894234279e-08 0.000000000000000000e+00 0.000000000000000000e+00 0.000000000000000000e+00 1.249924060188901953e-03 1.788297016728878919e-01 0.000000000000000000e+00 0.000000000000000000e+00
3.050741230036028151e-01 8.120554866122758897e-03 1.716838385300490100e-01 0.000000000000000000e+00 9.983025007030223996e-01 0.000000000000000000e+00 0.000000000000000000e+00 0.000000000000000000e+00 0.000000000000000000e+00 0.000000000000000000e+00 0.000000000000000000e+00 0.000000000000000000e+00 1.271217376573404931e-02 -2.188401568386097115e-05 0.000000000000000000e+00 -2.188401568386097115e-05 6.403494903955966691e-07 0.000000000000000000e+00 0.000000000000000000e+00 0.000000000000000000e+00 3.528295617021075161e-03 3.048168764012739174e-01 0.000000000000000000e+00 0.000000000000000000e+00
4.784493906250171791e-01 1.977930072091049069e-02 1.688774864314420976e-01 0.000000000000000000e+00 9.972867212073092125e-01 0.000000000000000000e+00 0.000000000000000000e+00 0.000000000000000000e+00 0.000000000000000000e+00 0.000000000000000000e+00 0.000000000000000000e+00 0.000000000000000000e+00 3.121804571121234925e-02 -8.522579081274766826e-05 0.000000000000000000e+00 -8.522579081274766826e-05 3.693668151353023086e-06 0.000000000000000000e+00 0.000000000000000000e+00 0.000000000000000000e+00 8.336862062457270697e-03 4.778105936207722171e-01 0.000000000000000000e+00 0.000000000000000000e+00
7.063465227694476489e-01 4.259089248782926829e-02 1.657305207271511094e-01 0.000000000000000000e+00 9.958423731455344763e-01 0.000000000000000000e+00 0.000000000000000000e+00 0.000000000000000000e+00 0.000000000000000000e+00 0.000000000000000000e+00 0.000000000000000000e+00 0.000000000000000000e+00 6.791548146777155737e-02 -2.774244412459999894e-04 0.000000000000000000e+00 -2.774244412459999894e-04 1.648997817997887132e-05 0.000000000000000000e+00 0.000000000000000000e+00 0.000000000000000000e+00 1.724981352970699974e-02 7.049276244031449368e-01 0.000000000000000000e+00 0.000000000000000000e+00
9.855074485118558991e-01 8.175718658972926101e-02 1.624977721232578887e-01 0.000000000000000000e+00 9.938229042255891654e-01 0.000000000000000000e+00 0.000000000000000000e+00 0.000000000000000000e+00 0.000000000000000000e+00 0.000000000000000000e+00 0.000000000000000000e+00 0.000000000000000000e+00 1.319161704504517030e-01 -7.627739716400079367e-04 0.000000000000000000e+00 -7.627739716400079367e-04 5.795691676026455008e-05 0.000000000000000000e+00 0.000000000000000000e+00 0.000000000000000000e+00 3.154024581224654927e-02 9.826535702095622327e-01 0.000000000000000000e+00 0.000000000000000000e+00
1.315853268928576902e+00 1.434692509158116969e-01 1.592500537118927972e-01 0.000000000000000000e+00 9.909335835295502992e-01 0.000000000000000000e+00 0.000000000000000000e+00 0.000000000000000000e+00 0.000000000000000000e+00 0.000000000000000000e+00 0.000000000000000000e+00 0.000000000000000000e+00 2.344859287599062869e-01 -1.836236682518294040e-03 0.000000000000000000e+00 -1.836236682518294040e-03 1.687048527313747049e-04 0.000000000000000000e+00 0.000000000000000000e+00 0.000000000000000000e+00 5.228386821898568793e-02 1.310498745174585977e+00 0.000000000000000000e+00 0.000000000000000000e+00
1.697290618769450088e+00 2.344676426041905071e-01 1.559002067884837084e-01 0.000000000000000000e+00 9.866998507385480455e-01 0.000000000000000000e+00 0.000000000000000000e+00 0.000000000000000000e+00 0.000000000000000000e+00 0.000000000000000000e+00 0.000000000000000000e+00 0.000000000000000000e+00 3.883935199435281094e-01 -3.972620854001036178e-03 0.000000000000000000e+00 -3.972620854001036178e-03 4.226253423479955874e-04 0.000000000000000000e+00 0.000000000000000000e+00 0.000000000000000000e+00 8.011913992250492556e-02 1.687704824580201990e+00 0.000000000000000000e+00 0.000000000000000000e+00
2.129711692845489779e+00 3.615766319375797733e-01 1.522211703887277889e-01 0.000000000000000000e+00 9.804277480906044007e-01 0.000000000000000000e+00 0.000000000000000000e+00 0.000000000000000000e+00 0.000000000000000000e+00 0.000000000000000000e+00 0.000000000000000000e+00 0.000000000000000000e+00 6.070607488327138812e-01 -7.866125207985527959e-03 0.000000000000000000e+00 -7.866125207985527959e-03 9.375299630725356624e-04 0.000000000000000000e+00 0.000000000000000000e+00 0.000000000000000000e+00 1.151549850793733010e-01 2.113080599960334816e+00 0.000000000000000000e+00 0.000000000000000000e+00
2.612994276497791812e+00 5.309271165885524058e-01 1.479352618249721862e-01 0.000000000000000000e+00 9.711969410859869756e-01 0.000000000000000000e+00 0.000000000000000000e+00 0.000000000000000000e+00 0.000000000000000000e+00 0.000000000000000000e+00 0.000000000000000000e+00 0.000000000000000000e+00 9.030042061102461215e-01 -1.443729770925802035e-02 0.000000000000000000e+00 -1.443729770925802035e-02 1.881702252633988019e-03 0.000000000000000000e+00 0.000000000000000000e+00 0.000000000000000000e+00 1.569683248142247078e-01 2.584774989317041971e+00 0.000000000000000000e+00 0.000000000000000000e+00
3.147001780138932947e+00 7.468191435707379755e-01 1.428709824044858134e-01 0.000000000000000000e+00 9.579112490567935900e-01 0.000000000000000000e+00 0.000000000000000000e+00 0.000000000000000000e+00 0.000000000000000000e+00 0.000000000000000000e+00 0.000000000000000000e+00 0.000000000000000000e+00 1.285473960840100016e+00 -2.478251412511735946e-02 0.000000000000000000e+00 -2.478251412511735946e-02 3.474013279730352784e-03 0.000000000000000000e+00 0.000000000000000000e+00 0.000000000000000000e+00 2.046903130216458089e-01 3.100004373195064833e+00 0.000000000000000000e+00 0.000000000000000000e+00
3.731583277857001946e+00 1.010353210268198909e+00 1.371251236339736113e-01 0.000000000000000000e+00 9.394217193012722733e-01 0.000000000000000000e+00 0.000000000000000000e+00 0.000000000000000000e+00 0.000000000000000000e+00 0.000000000000000000e+00 0.000000000000000000e+00 0.000000000000000000e+00 1.757566875461421985e+00 -4.005098962873516327e-02 0.000000000000000000e+00 -4.005098962873516327e-02 5.976855537301548407e-03 0.000000000000000000e+00 0.000000000000000000e+00 0.000000000000000000e+00 2.571626895376742938e-01 3.654779895855039928e+00 0.000000000000000000e+00 0.000000000000000000e+00
4.366573550071814580e+00 1.318189694264791934e+00 1.311278337731829058e-01 0.000000000000000000e+00 9.147131970348874042e-01 0.000000000000000000e+00 0.000000000000000000e+00 0.000000000000000000e+00 0.000000000000000000e+00 0.000000000000000000e+00 0.000000000000000000e+00 0.000000000000000000e+00 2.313568707715155881e+00 -6.125843160568498341e-02 0.000000000000000000e+00 -6.125843160568498341e-02 9.682968084469854853e-03 0.000000000000000000e+00 0.000000000000000000e+00 0.000000000000000000e+00 3.131277127299585961e-01 4.243706300018298627e+00 0.000000000000000000e+00 0.000000000000000000e+00
5.051793130230531226e+00 1.661930056139883982e+00 1.255440141147901867e-01 0.000000000000000000e+00 8.831157028570847389e-01 0.000000000000000000e+00 0.000000000000000000e+00 0.000000000000000000e+00 0.000000000000000000e+00 0.000000000000000000e+00 0.000000000000000000e+00 0.000000000000000000e+00 2.937557397533011816e+00 -8.907606121285618905e-02 0.000000000000000000e+00 -8.907606121285618905e-02 1.489855746534438953e-02 0.000000000000000000e+00 0.000000000000000000e+00 0.000000000000000000e+00 3.714041572814114067e-01 4.859931830114996743e+00 0.000000000000000000e+00 0.000000000000000000e+00
5.787048355530206578e+00 2.028512816810958963e+00 1.210438097177675976e-01 0.000000000000000000e+00 8.444826176908573068e-01 0.000000000000000000e+00 0.000000000000000000e+00 0.000000000000000000e+00 0.000000000000000000e+00 0.000000000000000000e+00 0.000000000000000000e+00 0.000000000000000000e+00 3.604094177442274116e+00 -1.236529479789240937e-01 0.000000000000000000e+00 -1.236529479789240937e-01 2.192549761620866955e-02 0.000000000000000000e+00 0.000000000000000000e+00 0.000000000000000000e+00 4.310059585634368751e-01 5.495307682429419138e+00 0.000000000000000000e+00 0.000000000000000000e+00
6.572131421652430028e+00 2.401682563940088944e+00 1.180589034821413058e-01 0.000000000000000000e+00 7.992811299755325782e-01 0.000000000000000000e+00 0.000000000000000000e+00 0.000000000000000000e+00 0.000000000000000000e+00 0.000000000000000000e+00 0.000000000000000000e+00 0.000000000000000000e+00 4.281139627992105012e+00 -1.645259902406628894e-01 0.000000000000000000e+00 -1.645259902406628894e-01 3.104477751788730158e-02 0.000000000000000000e+00 0.000000000000000000e+00 0.000000000000000000e+00 4.911807223701867842e-01 6.140767561712847211e+00 0.000000000000000000e+00 0.000000000000000000e+00
7.406820441494813778e+00 2.764187759261799826e+00 1.166445301967907050e-01 0.000000000000000000e+00 7.485664371113740501e-01 0.000000000000000000e+00 0.000000000000000000e+00 0.000000000000000000e+00 0.000000000000000000e+00 0.000000000000000000e+00 0.000000000000000000e+00 0.000000000000000000e+00 4.934499454073811187e+00 -2.106457367971547867e-01 0.000000000000000000e+00 -2.106457367971547867e-01 4.250216402924678755e-02 0.000000000000000000e+00 0.000000000000000000e+00 0.000000000000000000e+00 5.513739004205424621e-01 6.786879590617577840e+00 0.000000000000000000e+00 0.000000000000000000e+00
8.290879507882680244e+00 3.100108523167592001e+00 1.164962485029712030e-01 0.000000000000000000e+00 6.938474476709269867e-01 0.000000000000000000e+00 0.000000000000000000e+00 0.000000000000000000e+00 0.000000000000000000e+00 0.000000000000000000e+00 0.000000000000000000e+00 0.000000000000000000e+00 5.532573639845174363e+00 -2.605101038780336942e-01 0.000000000000000000e+00 -2.605101038780336942e-01 5.649592472004494326e-02 0.000000000000000000e+00 0.000000000000000000e+00 0.000000000000000000e+00 6.111474817699646955e-01 7.424476521405004803e+00 0.000000000000000000e+00 0.000000000000000000e+00
9.224058760243272204e+00 3.396723403161126864e+00 1.170860009557800063e-01 0.000000000000000000e+00 6.368822289116223834e-01 0.000000000000000000e+00 0.000000000000000000e+00 0.000000000000000000e+00 0.000000000000000000e+00 0.000000000000000000e+00 0.000000000000000000e+00 0.000000000000000000e+00 6.050190367179159701e+00 -3.123678937631095276e-01 0.000000000000000000e+00 -3.123678937631095276e-01 7.316598711069011163e-02 0.000000000000000000e+00 0.000000000000000000e+00 0.000000000000000000e+00 6.700904520324049152e-01 8.045252641938247962e+00 0.000000000000000000e+00 0.000000000000000000e+00
1.020609445522345915e+01 3.645551887389511858e+00 1.178383097881131047e-01 0.000000000000000000e+00 5.794553387980897474e-01 0.000000000000000000e+00 0.000000000000000000e+00 0.000000000000000000e+00 0.000000000000000000e+00 0.000000000000000000e+00 0.000000000000000000e+00 0.000000000000000000e+00 6.470767249397223253e+00 -3.644404601041660863e-01 0.000000000000000000e+00 -3.644404601041660863e-01 9.258423460511953917e-02 0.000000000000000000e+00 0.000000000000000000e+00 0.000000000000000000e+00 7.277522907766806881e-01 8.642230696990662153e+00 0.000000000000000000e+00 0.000000000000000000e+00
1.123670904123138037e+01 3.842517681974248145e+00 1.182734912767546970e-01 0.000000000000000000e+00 5.231847960257031138e-01 0.000000000000000000e+00 0.000000000000000000e+00 0.000000000000000000e+00 0.000000000000000000e+00 0.000000000000000000e+00 0.000000000000000000e+00 0.000000000000000000e+00 6.786672212006109817e+00 -4.151141817981358062e-01 0.000000000000000000e+00 -4.151141817981358062e-01 1.147464080104717982e-01 0.000000000000000000e+00 0.000000000000000000e+00 0.000000000000000000e+00 7.836167439319144945e-01 9.210040607552013370e+00 0.000000000000000000e+00 0.000000000000000000e+00
1.231561123688027060e+01 3.987426037830144931e+00 1.180797309810927981e-01 0.000000000000000000e+00 4.693897276407423269e-01 0.000000000000000000e+00 0.000000000000000000e+00 0.000000000000000000e+00 0.000000000000000000e+00 0.000000000000000000e+00 0.000000000000000000e+00 0.000000000000000000e+00 6.998169300065741005e+00 -4.630725617252414161e-01 0.000000000000000000e+00 -4.630725617252414161e-01 1.395668125823061878e-01 0.000000000000000000e+00 0.000000000000000000e+00 0.000000000000000000e+00 8.371159630122438911e-01 9.744998377122058741e+00 0.000000000000000000e+00 0.000000000000000000e+00
1.344249611331325944e+01 4.083060165328418201e+00 1.171164126357319979e-01 0.000000000000000000e+00 4.190292015165136275e-01 0.000000000000000000e+00 0.000000000000000000e+00 0.000000000000000000e+00 0.000000000000000000e+00 0.000000000000000000e+00 0.000000000000000000e+00 0.000000000000000000e+00 7.111571191330707364e+00 -5.073569591904076859e-01 0.000000000000000000e+00 -5.073569591904076859e-01 1.668773391292721064e-01 0.000000000000000000e+00 0.000000000000000000e+00 0.000000000000000000e+00 8.876718001968574301e-01 1.024501391087452973e+01 0.000000000000000000e+00 0.000000000000000000e+00
1.461704518038481915e+01 4.134183527858468210e+00 1.153762792944015986e-01 0.000000000000000000e+00 3.727047295375230940e-01 0.000000000000000000e+00 0.000000000000000000e+00 0.000000000000000000e+00 0.000000000000000000e+00 0.000000000000000000e+00 0.000000000000000000e+00 0.000000000000000000e+00 7.137185486976591164e+00 -5.473635479152128003e-01 0.000000000000000000e+00 -5.473635479152128003e-01 1.964317512793432863e-01 0.000000000000000000e+00 0.000000000000000000e+00 0.000000000000000000e+00 9.347498174610019417e-01 1.070938142498578038e+01 0.000000000000000000e+00 0.000000000000000000e+00
1.583892647667541986e+01 4.146645895372453872e+00 1.129365420147079996e-01 0.000000000000000000e+00 3.307061931088559059e-01 0.000000000000000000e+00 0.000000000000000000e+00 0.000000000000000000e+00 0.000000000000000000e+00 0.000000000000000000e+00 0.000000000000000000e+00 0.000000000000000000e+00 7.087461053574458880e+00 -5.827977012925378286e-01 0.000000000000000000e+00 -5.827977012925378286e-01 2.279146587621944109e-01 0.000000000000000000e+00 0.000000000000000000e+00 0.000000000000000000e+00 9.779160784082548963e-01 1.113851203659421962e+01 0.000000000000000000e+00 0.000000000000000000e+00
1.710779466331326049e+01 4.126692772703984602e+00 1.099153809845035967e-01 0.000000000000000000e+00 2.930765061612766176e-01 0.000000000000000000e+00 0.000000000000000000e+00 0.000000000000000000e+00 0.000000000000000000e+00 0.000000000000000000e+00 0.000000000000000000e+00 0.000000000000000000e+00 6.975545685815460750e+00 -6.136109637722089172e-01 0.000000000000000000e+00 -6.136109637722089172e-01 2.609533892848973080e-01 0.000000000000000000e+00 0.000000000000000000e+00 0.000000000000000000e+00 1.016886470307611035e+00 1.153365672387442054e+01 0.000000000000000000e+00 0.000000000000000000e+00
1.842329112157710824e+01 4.080493654439965923e+00 1.064383286874888979e-01 0.000000000000000000e+00 2.596769290234391958e-01 0.000000000000000000e+00 0.000000000000000000e+00 0.000000000000000000e+00 0.000000000000000000e+00 0.000000000000000000e+00 0.000000000000000000e+00 0.000000000000000000e+00 6.814305655229990322e+00 -6.399377923894832287e-01 0.000000000000000000e+00 -6.399377923894832287e-01 2.951317284516912776e-01 0.000000000000000000e+00 0.000000000000000000e+00 0.000000000000000000e+00 1.051549925198250968e+00 1.189664875554679924e+01 0.000000000000000000e+00 0.000000000000000000e+00
1.978504405425227120e+01 4.013841363333796153e+00 1.026188103901840981e-01 0.000000000000000000e+00 2.302458074538069055e-01 0.000000000000000000e+00 0.000000000000000000e+00 0.000000000000000000e+00 0.000000000000000000e+00 0.000000000000000000e+00 0.000000000000000000e+00 0.000000000000000000e+00 6.615725504926781575e+00 -6.620379318499212129e-01 0.000000000000000000e+00 -6.620379318499212129e-01 3.300060469979135824e-01 0.000000000000000000e+00 0.000000000000000000e+00 0.000000000000000000e+00 1.081951174742894928e+00 1.222968022110437936e+01 0.000000000000000000e+00 0.000000000000000000e+00
2.119266859071105102e+01 3.931957190331523133e+00 9.854998647116758326e-02 0.000000000000000000e+00 2.044500277687260892e-01 0.000000000000000000e+00 0.000000000000000000e+00 0.000000000000000000e+00 0.000000000000000000e+00 0.000000000000000000e+00 0.000000000000000000e+00 0.000000000000000000e+00 6.390540369254427588e+00 -6.802449975302706786e-01 0.000000000000000000e+00 -6.802449975302706786e-01 3.651238428040604056e-01 0.000000000000000000e+00 0.000000000000000000e+00 0.000000000000000000e+00 1.108250168604558050e+00 1.253512087802302943e+01 0.000000000000000000e+00 0.000000000000000000e+00
2.264576689568853141e+01 3.839360418734357072e+00 9.431150347449161753e-02 0.000000000000000000e+00 1.819277129235022106e-01 0.000000000000000000e+00 0.000000000000000000e+00 0.000000000000000000e+00 0.000000000000000000e+00 0.000000000000000000e+00 0.000000000000000000e+00 0.000000000000000000e+00 6.147999332392456218e+00 -6.949229934765892569e-01 0.000000000000000000e+00 -6.949229934765892569e-01 4.000422376135963076e-01 0.000000000000000000e+00 0.000000000000000000e+00 0.000000000000000000e+00 1.130679267462660897e+00 1.281538406627490012e+01 0.000000000000000000e+00 0.000000000000000000e+00
2.414392828172205085e+01 3.739818547294509798e+00 8.997917288722592777e-02 0.000000000000000000e+00 1.623181884974760070e-01 0.000000000000000000e+00 0.000000000000000000e+00 0.000000000000000000e+00 0.000000000000000000e+00 0.000000000000000000e+00 0.000000000000000000e+00 0.000000000000000000e+00 5.895781947952611901e+00 -7.064358337372721452e-01 0.000000000000000000e+00 -7.064358337372721452e-01 4.343428110358217853e-01 0.000000000000000000e+00 0.000000000000000000e+00 0.000000000000000000e+00 1.149512335600586965e+00 1.307283702093434030e+01 0.000000000000000000e+00 0.000000000000000000e+00
2.568672932522346031e+01 3.636390137979938153e+00 8.561679275770681108e-02 0.000000000000000000e+00 1.452789304445792073e-01 0.000000000000000000e+00 0.000000000000000000e+00 0.000000000000000000e+00 0.000000000000000000e+00 0.000000000000000000e+00 0.000000000000000000e+00 0.000000000000000000e+00 5.640075490842833439e+00 -7.151302747594200371e-01 0.000000000000000000e+00 -7.151302747594200371e-01 4.676414979150602114e-01 0.000000000000000000e+00 0.000000000000000000e+00 0.000000000000000000e+00 1.165063287201983044e+00 1.330974505927395057e+01 0.000000000000000000e+00 0.000000000000000000e+00
2.727373398615081967e+01 3.531495501654402958e+00 8.126987004096732081e-02 0.000000000000000000e+00 1.304953753254946003e-01 0.000000000000000000e+00 0.000000000000000000e+00 0.000000000000000000e+00 0.000000000000000000e+00 0.000000000000000000e+00 0.000000000000000000e+00 0.000000000000000000e+00 5.385713819720551854e+00 -7.213258879891670805e-01 0.000000000000000000e+00 -7.213258879891670805e-01 4.995950669946094269e-01 0.000000000000000000e+00 0.000000000000000000e+00 0.000000000000000000e+00 1.177682116593643968e+00 1.352823955157147928e+01 0.000000000000000000e+00 0.000000000000000000e+00
2.890449373124580035e+01 3.426957973809419133e+00 7.697998625063021128e-02 0.000000000000000000e+00 1.176861499373031972e-01 0.000000000000000000e+00 0.000000000000000000e+00 0.000000000000000000e+00 0.000000000000000000e+00 0.000000000000000000e+00 0.000000000000000000e+00 0.000000000000000000e+00 5.136310662215882950e+00 -7.253071180724344202e-01 0.000000000000000000e+00 -7.253071180724344202e-01 5.299066871334678908e-01 0.000000000000000000e+00 0.000000000000000000e+00 0.000000000000000000e+00 1.187698598269486983e+00 1.373030473089858994e+01 0.000000000000000000e+00 0.000000000000000000e+00
3.057854766080222930e+01 3.324056654014328149e+00 7.279370616557043205e-02 0.000000000000000000e+00 1.066003685262251061e-01 0.000000000000000000e+00 0.000000000000000000e+00 0.000000000000000000e+00 0.000000000000000000e+00 0.000000000000000000e+00 0.000000000000000000e+00 0.000000000000000000e+00 4.894432578056702177e+00 -7.273216287106403222e-01 0.000000000000000000e+00 -7.273216287106403222e-01 5.583308932665647095e-01 0.000000000000000000e+00 0.000000000000000000e+00 0.000000000000000000e+00 1.195349836705390079e+00 1.391777480993174976e+01 0.000000000000000000e+00 0.000000000000000000e+00
3.229542263892948739e+01 3.223639923717112943e+00 6.874673459407061593e-02 0.000000000000000000e+00 9.700970204405358344e-02 0.000000000000000000e+00 0.000000000000000000e+00 0.000000000000000000e+00 0.000000000000000000e+00 0.000000000000000000e+00 0.000000000000000000e+00 0.000000000000000000e+00 4.661828881251392609e+00 -7.275851163762948604e-01 0.000000000000000000e+00 -7.275851163762948604e-01 5.846738352501642533e-01 0.000000000000000000e+00 0.000000000000000000e+00 0.000000000000000000e+00 1.200777130932668024e+00 1.409232889493073948e+01 0.000000000000000000e+00 0.000000000000000000e+00
3.405463342727446729e+01 3.126254051414458779e+00 6.486066974583648559e-02 0.000000000000000000e+00 8.870468317229870947e-02 0.000000000000000000e+00 0.000000000000000000e+00 0.000000000000000000e+00 0.000000000000000000e+00 0.000000000000000000e+00 0.000000000000000000e+00 0.000000000000000000e+00 4.439651683136094817e+00 -7.262894066615304123e-01 0.000000000000000000e+00 -7.262894066615304123e-01 6.087874505136930958e-01 0.000000000000000000e+00 0.000000000000000000e+00 0.000000000000000000e+00 1.204068969179129978e+00 1.425548107028632039e+01 0.000000000000000000e+00 0.000000000000000000e+00
3.585568282216392788e+01 3.032253175805086798e+00 6.115105755572863844e-02 0.000000000000000000e+00 8.149782030583137271e-02 0.000000000000000000e+00 0.000000000000000000e+00 0.000000000000000000e+00 0.000000000000000000e+00 0.000000000000000000e+00 0.000000000000000000e+00 0.000000000000000000e+00 4.228636977908869277e+00 -7.236096943451599817e-01 0.000000000000000000e+00 -7.236096943451599817e-01 6.305627855194599896e-01 0.000000000000000000e+00 0.000000000000000000e+00 0.000000000000000000e+00 1.205306588181846106e+00 1.440857572773767004e+01 0.000000000000000000e+00 0.000000000000000000e+00
3.769806179512845290e+01 2.941874374444934048e+00 5.762527545765364079e-02 0.000000000000000000e+00 7.522750682532020061e-02 0.000000000000000000e+00 0.000000000000000000e+00 0.000000000000000000e+00 0.000000000000000000e+00 0.000000000000000000e+00 0.000000000000000000e+00 0.000000000000000000e+00 4.029219604518537778e+00 -7.197078748144098981e-01 0.000000000000000000e+00 -7.197078748144098981e-01 6.499254067700019899e-01 0.000000000000000000e+00 0.000000000000000000e+00 0.000000000000000000e+00 1.204603737601326996e+00 1.455279522098162914e+01 0.000000000000000000e+00 0.000000000000000000e+00
3.958124963676868902e+01 2.855253628076155792e+00 5.429017990471710770e-02 0.000000000000000000e+00 6.976068562399290185e-02 0.000000000000000000e+00 0.000000000000000000e+00 0.000000000000000000e+00 0.000000000000000000e+00 0.000000000000000000e+00 0.000000000000000000e+00 0.000000000000000000e+00 3.841563803636606877e+00 -7.147279291274065693e-01 0.000000000000000000e+00 -7.147279291274065693e-01 6.668335126971232096e-01 0.000000000000000000e+00 0.000000000000000000e+00 0.000000000000000000e+00 1.202109939818581053e+00 1.468917982624351914e+01 0.000000000000000000e+00 0.000000000000000000e+00
4.150471410392277960e+01 2.772442748225932174e+00 5.114962378489459893e-02 0.000000000000000000e+00 6.498634826055803282e-02 0.000000000000000000e+00 0.000000000000000000e+00 0.000000000000000000e+00 0.000000000000000000e+00 0.000000000000000000e+00 0.000000000000000000e+00 0.000000000000000000e+00 3.665649442662426871e+00 -7.087933055330145615e-01 0.000000000000000000e+00 -7.087933055330145615e-01 6.812802420727613883e-01 0.000000000000000000e+00 0.000000000000000000e+00 0.000000000000000000e+00 1.197955811716675090e+00 1.481865160708460039e+01 0.000000000000000000e+00 0.000000000000000000e+00
4.346791157009366202e+01 2.693418475968698989e+00 4.819718556768148865e-02 0.000000000000000000e+00 6.080915603012852777e-02 0.000000000000000000e+00 0.000000000000000000e+00 0.000000000000000000e+00 0.000000000000000000e+00 0.000000000000000000e+00 0.000000000000000000e+00 0.000000000000000000e+00 3.501305697092414793e+00 -7.020102624213523379e-01 0.000000000000000000e+00 -7.020102624213523379e-01 6.932974199372343715e-01 0.000000000000000000e+00 0.000000000000000000e+00 0.000000000000000000e+00 1.192233834907749923e+00 1.494202783963920034e+01 0.000000000000000000e+00 0.000000000000000000e+00
4.547028717909350348e+01 2.618041381041364968e+00 4.543153328155612181e-02 0.000000000000000000e+00 5.714880785421915660e-02 0.000000000000000000e+00 0.000000000000000000e+00 0.000000000000000000e+00 0.000000000000000000e+00 0.000000000000000000e+00 0.000000000000000000e+00 0.000000000000000000e+00 3.348114353008087907e+00 -6.944656354504497031e-01 0.000000000000000000e+00 -6.944656354504497031e-01 7.029544980163210388e-01 0.000000000000000000e+00 0.000000000000000000e+00 0.000000000000000000e+00 1.185013911058321101e+00 1.506003393260543000e+01 0.000000000000000000e+00 0.000000000000000000e+00
4.751127500186213126e+01 2.546084629544474787e+00 4.284585017373682136e-02 0.000000000000000000e+00 5.393450966633189098e-02 0.000000000000000000e+00 0.000000000000000000e+00 0.000000000000000000e+00 0.000000000000000000e+00 0.000000000000000000e+00 0.000000000000000000e+00 0.000000000000000000e+00 3.205494932430395849e+00 -6.862357308376866305e-01 0.000000000000000000e+00 -6.862357308376866305e-01 7.103538944888320161e-01 0.000000000000000000e+00 0.000000000000000000e+00 0.000000000000000000e+00 1.176320432169720931e+00 1.517331326548545967e+01 0.000000000000000000e+00 0.000000000000000000e+00
4.959029819641487080e+01 2.477266509954346052e+00 4.043236955511481101e-02 0.000000000000000000e+00 5.110357248076655839e-02 0.000000000000000000e+00 0.000000000000000000e+00 0.000000000000000000e+00 0.000000000000000000e+00 0.000000000000000000e+00 0.000000000000000000e+00 0.000000000000000000e+00 3.072772076009126163e+00 -6.773922188701497760e-01 0.000000000000000000e+00 -6.773922188701497760e-01 7.156266546489502556e-01 0.000000000000000000e+00 0.000000000000000000e+00 0.000000000000000000e+00 1.166134289250615907e+00 1.528243123923937041e+01 0.000000000000000000e+00 0.000000000000000000e+00
5.170676917087474322e+01 2.411289698398583869e+00 3.817892927154620947e-02 0.000000000000000000e+00 4.860050225801831880e-02 0.000000000000000000e+00 0.000000000000000000e+00 0.000000000000000000e+00 0.000000000000000000e+00 0.000000000000000000e+00 0.000000000000000000e+00 0.000000000000000000e+00 2.949169988986604984e+00 -6.680053779441206263e-01 0.000000000000000000e+00 -6.680053779441206263e-01 7.189229668705404697e-01 0.000000000000000000e+00 0.000000000000000000e+00 0.000000000000000000e+00 1.154486440940021952e+00 1.538788055948671918e+01 0.000000000000000000e+00 0.000000000000000000e+00
5.386008974954277306e+01 2.347880011336283879e+00 3.607009625840607026e-02 0.000000000000000000e+00 4.637853500094039211e-02 0.000000000000000000e+00 0.000000000000000000e+00 0.000000000000000000e+00 0.000000000000000000e+00 0.000000000000000000e+00 0.000000000000000000e+00 0.000000000000000000e+00 2.833846995605930008e+00 -6.581354263583181208e-01 0.000000000000000000e+00 -6.581354263583181208e-01 7.203969833535174283e-01 0.000000000000000000e+00 0.000000000000000000e+00 0.000000000000000000e+00 1.141516043713121986e+00 1.549008706384809919e+01 0.000000000000000000e+00 0.000000000000000000e+00
5.604965134195975907e+01 2.286773016048734952e+00 3.409612399217464701e-02 0.000000000000000000e+00 4.440082091169723910e-02 0.000000000000000000e+00 0.000000000000000000e+00 0.000000000000000000e+00 0.000000000000000000e+00 0.000000000000000000e+00 0.000000000000000000e+00 0.000000000000000000e+00 2.725979006464188004e+00 -6.478250689458996403e-01 0.000000000000000000e+00 -6.478250689458996403e-01 7.201967935939481702e-01 0.000000000000000000e+00 0.000000000000000000e+00 0.000000000000000000e+00 1.127370232039335951e+00 1.558942301410647957e+01 0.000000000000000000e+00 0.000000000000000000e+00
5.827483511491153223e+01 2.227717760887661935e+00 3.225216963591617803e-02 0.000000000000000000e+00 4.263783561430176811e-02 0.000000000000000000e+00 0.000000000000000000e+00 0.000000000000000000e+00 0.000000000000000000e+00 0.000000000000000000e+00 0.000000000000000000e+00 0.000000000000000000e+00 2.624840453021476172e+00 -6.371120844462484500e-01 0.000000000000000000e+00 -6.371120844462484500e-01 7.184637572275535122e-01 0.000000000000000000e+00 0.000000000000000000e+00 0.000000000000000000e+00 1.112131311526296074e+00 1.568621884292019075e+01 0.000000000000000000e+00 0.000000000000000000e+00
6.053501216732890811e+01 2.170512784701211118e+00 3.053436498304365129e-02 0.000000000000000000e+00 4.106460264208659089e-02 0.000000000000000000e+00 0.000000000000000000e+00 0.000000000000000000e+00 0.000000000000000000e+00 0.000000000000000000e+00 0.000000000000000000e+00 0.000000000000000000e+00 2.529848613407041036e+00 -6.260368152440212164e-01 0.000000000000000000e+00 -6.260368152440212164e-01 7.153312543391987521e-01 0.000000000000000000e+00 0.000000000000000000e+00 0.000000000000000000e+00 1.095845701656182891e+00 1.578077224609847917e+01 0.000000000000000000e+00 0.000000000000000000e+00
6.282954370803339117e+01 2.115017645039885874e+00 2.892944039264084069e-02 0.000000000000000000e+00 3.965033141663924787e-02 0.000000000000000000e+00 0.000000000000000000e+00 0.000000000000000000e+00 0.000000000000000000e+00 0.000000000000000000e+00 0.000000000000000000e+00 0.000000000000000000e+00 2.440567649693122121e+00 -6.146429173809310198e-01 0.000000000000000000e+00 -6.146429173809310198e-01 7.109229884637170427e-01 0.000000000000000000e+00 0.000000000000000000e+00 0.000000000000000000e+00 1.078544651922932918e+00 1.587334286808344963e+01 0.000000000000000000e+00 0.000000000000000000e+00
6.515778123627788432e+01 2.061119153075646970e+00 2.742385879599814127e-02 0.000000000000000000e+00 3.835769658422751721e-02 0.000000000000000000e+00 0.000000000000000000e+00 0.000000000000000000e+00 0.000000000000000000e+00 0.000000000000000000e+00 0.000000000000000000e+00 0.000000000000000000e+00 2.356563806920857207e+00 -6.029731175551688027e-01 0.000000000000000000e+00 -6.029731175551688027e-01 7.053598573623027779e-01 0.000000000000000000e+00 0.000000000000000000e+00 0.000000000000000000e+00 1.060314641868135066e+00 1.596412975734468986e+01 0.000000000000000000e+00 0.000000000000000000e+00
6.751906672503174889e+01 2.008709561250333842e+00 2.600804139288033848e-02 0.000000000000000000e+00 3.715523903818108292e-02 0.000000000000000000e+00 0.000000000000000000e+00 0.000000000000000000e+00 0.000000000000000000e+00 0.000000000000000000e+00 0.000000000000000000e+00 0.000000000000000000e+00 2.277335794242842937e+00 -5.910654222816101866e-01 0.000000000000000000e+00 -5.910654222816101866e-01 6.987640949894653453e-01 0.000000000000000000e+00 0.000000000000000000e+00 0.000000000000000000e+00 1.041319233268358957e+00 1.605326477692436882e+01 0.000000000000000000e+00 0.000000000000000000e+00
6.991273280695820347e+01 1.957667762678475976e+00 2.467588982955166987e-02 0.000000000000000000e+00 3.602643088467327726e-02 0.000000000000000000e+00 0.000000000000000000e+00 0.000000000000000000e+00 0.000000000000000000e+00 0.000000000000000000e+00 0.000000000000000000e+00 0.000000000000000000e+00 2.202380896558433054e+00 -5.789535263668482701e-01 0.000000000000000000e+00 -5.789535263668482701e-01 6.912567491742523940e-01 0.000000000000000000e+00 0.000000000000000000e+00 0.000000000000000000e+00 1.021697879624267058e+00 1.614083393295078039e+01 0.000000000000000000e+00 0.000000000000000000e+00
7.233810296303151688e+01 1.907862046612863960e+00 2.342899499898433088e-02 0.000000000000000000e+00 3.496796994933366876e-02 0.000000000000000000e+00 0.000000000000000000e+00 0.000000000000000000e+00 0.000000000000000000e+00 0.000000000000000000e+00 0.000000000000000000e+00 0.000000000000000000e+00 2.131266608674302176e+00 -5.666650913963454661e-01 0.000000000000000000e+00 -5.666650913963454661e-01 6.829581805999712651e-01 0.000000000000000000e+00 0.000000000000000000e+00 0.000000000000000000e+00 1.001499303951455033e+00 1.622691086719515852e+01 0.000000000000000000e+00 0.000000000000000000e+00
7.479449171374085381e+01 1.859212101032563957e+00 2.226320483000720010e-02 0.000000000000000000e+00 3.397727409612007199e-02 0.000000000000000000e+00 0.000000000000000000e+00 0.000000000000000000e+00 0.000000000000000000e+00 0.000000000000000000e+00 0.000000000000000000e+00 0.000000000000000000e+00 2.063673699839235987e+00 -5.542161714528974770e-01 0.000000000000000000e+00 -5.542161714528974770e-01 6.739813786066426449e-01 0.000000000000000000e+00 0.000000000000000000e+00 0.000000000000000000e+00 9.807691236192489503e-01 1.631157316543735902e+01 0.000000000000000000e+00 0.000000000000000000e+00
7.728120481282647347e+01 1.811668695002280005e+00 2.116827755529993027e-02 0.000000000000000000e+00 3.304978660774737093e-02 0.000000000000000000e+00 0.000000000000000000e+00 0.000000000000000000e+00 0.000000000000000000e+00 0.000000000000000000e+00 0.000000000000000000e+00 0.000000000000000000e+00 1.999282977589784016e+00 -5.416040178345984391e-01 0.000000000000000000e+00 -5.416040178345984391e-01 6.644225947783102271e-01 0.000000000000000000e+00 0.000000000000000000e+00 0.000000000000000000e+00 9.596318176364662111e-01 1.639489659673338906e+01 0.000000000000000000e+00 0.000000000000000000e+00
7.979753944349378969e+01 1.765128881795811067e+00 2.013921610088154068e-02 0.000000000000000000e+00 3.218204097885753873e-02 0.000000000000000000e+00 0.000000000000000000e+00 0.000000000000000000e+00 0.000000000000000000e+00 0.000000000000000000e+00 0.000000000000000000e+00 0.000000000000000000e+00 1.937671653776618097e+00 -5.288039485356459402e-01 0.000000000000000000e+00 -5.288039485356459402e-01 6.543654257191727774e-01 0.000000000000000000e+00 0.000000000000000000e+00 0.000000000000000000e+00 9.382206840958312588e-01 1.647695509123589019e+01 0.000000000000000000e+00 0.000000000000000000e+00
8.234278441704960017e+01 1.719451755112737956e+00 1.916634834192721890e-02 0.000000000000000000e+00 3.136572707283594164e-02 0.000000000000000000e+00 0.000000000000000000e+00 0.000000000000000000e+00 0.000000000000000000e+00 0.000000000000000000e+00 0.000000000000000000e+00 0.000000000000000000e+00 1.878410335876234960e+00 -5.157935550467359631e-01 0.000000000000000000e+00 -5.157935550467359631e-01 6.438873001651824746e-01 0.000000000000000000e+00 0.000000000000000000e+00 0.000000000000000000e+00 9.166058741840571455e-01 1.655781587009241917e+01 0.000000000000000000e+00 0.000000000000000000e+00
8.491622037390462197e+01 1.674493485812442950e+00 1.824203123494014950e-02 0.000000000000000000e+00 3.058856828458166033e-02 0.000000000000000000e+00 0.000000000000000000e+00 0.000000000000000000e+00 0.000000000000000000e+00 0.000000000000000000e+00 0.000000000000000000e+00 0.000000000000000000e+00 1.821126579986978022e+00 -5.025737877437670420e-01 0.000000000000000000e+00 -5.025737877437670420e-01 6.330650549435660190e-01 0.000000000000000000e+00 0.000000000000000000e+00 0.000000000000000000e+00 8.947953366943413034e-01 1.663752457029347909e+01 0.000000000000000000e+00 0.000000000000000000e+00
8.751711998688503513e+01 1.630144721173296007e+00 1.736843596456002017e-02 0.000000000000000000e+00 2.984060525671525937e-02 0.000000000000000000e+00 0.000000000000000000e+00 0.000000000000000000e+00 0.000000000000000000e+00 0.000000000000000000e+00 0.000000000000000000e+00 0.000000000000000000e+00 1.765557136750550038e+00 -4.891682829628359874e-01 0.000000000000000000e+00 -4.891682829628359874e-01 6.219792445238524481e-01 0.000000000000000000e+00 0.000000000000000000e+00 0.000000000000000000e+00 8.727530610721899729e-01 1.671610261599261094e+01 0.000000000000000000e+00 0.000000000000000000e+00
9.014474816679636149e+01 1.586392074378148997e+00 1.654469524351065077e-02 0.000000000000000000e+00 2.911204297610789013e-02 0.000000000000000000e+00 0.000000000000000000e+00 0.000000000000000000e+00 0.000000000000000000e+00 0.000000000000000000e+00 0.000000000000000000e+00 0.000000000000000000e+00 1.711598271299143992e+00 -4.756046445161842273e-01 0.000000000000000000e+00 -4.756046445161842273e-01 6.107093911870913328e-01 0.000000000000000000e+00 0.000000000000000000e+00 0.000000000000000000e+00 8.504764862700621153e-01 1.679355083037899021e+01 0.000000000000000000e+00 0.000000000000000000e+00
9.279836227018066097e+01 1.543290226213549943e+00 1.576282309301177062e-02 0.000000000000000000e+00 2.839222757736587985e-02 0.000000000000000000e+00 0.000000000000000000e+00 0.000000000000000000e+00 0.000000000000000000e+00 0.000000000000000000e+00 0.000000000000000000e+00 0.000000000000000000e+00 1.659178894649721903e+00 -4.618972357770627091e-01 0.000000000000000000e+00 -4.618972357770627091e-01 5.993241534323627828e-01 0.000000000000000000e+00 0.000000000000000000e+00 0.000000000000000000e+00 8.280774043450143118e-01 1.686984536077984842e+01 0.000000000000000000e+00 0.000000000000000000e+00
9.547721230920903679e+01 1.500842690946839975e+00 1.502078471296659952e-02 0.000000000000000000e+00 2.767496835968602173e-02 0.000000000000000000e+00 0.000000000000000000e+00 0.000000000000000000e+00 0.000000000000000000e+00 0.000000000000000000e+00 0.000000000000000000e+00 0.000000000000000000e+00 1.608106106913973044e+00 -4.480411894123139116e-01 0.000000000000000000e+00 -4.480411894123139116e-01 5.878757343178993011e-01 0.000000000000000000e+00 0.000000000000000000e+00 0.000000000000000000e+00 8.057035406618086038e-01 1.694494145794288897e+01 0.000000000000000000e+00 0.000000000000000000e+00
9.818054116364982065e+01 1.459017448350965029e+00 1.431562349265325974e-02 0.000000000000000000e+00 2.695736362066251945e-02 0.000000000000000000e+00 0.000000000000000000e+00 0.000000000000000000e+00 0.000000000000000000e+00 0.000000000000000000e+00 0.000000000000000000e+00 0.000000000000000000e+00 1.558194348939363927e+00 -4.340268696782310087e-01 0.000000000000000000e+00 -4.340268696782310087e-01 5.764041781234935380e-01 0.000000000000000000e+00 0.000000000000000000e+00 0.000000000000000000e+00 7.834363696390719278e-01 1.701878494354969007e+01 0.000000000000000000e+00 0.000000000000000000e+00
1.009075847948526956e+02 1.417792946645997976e+00 1.364796074973420939e-02 0.000000000000000000e+00 2.623832333804558894e-02 0.000000000000000000e+00 0.000000000000000000e+00 0.000000000000000000e+00 0.000000000000000000e+00 0.000000000000000000e+00 0.000000000000000000e+00 0.000000000000000000e+00 1.509328109955839992e+00 -4.198594295101191753e-01 0.000000000000000000e+00 -4.198594295101191753e-01 5.649456149049232323e-01 0.000000000000000000e+00 0.000000000000000000e+00 0.000000000000000000e+00 7.613121684312338378e-01 1.709131719124343007e+01 0.000000000000000000e+00 0.000000000000000000e+00
1.036575724616875931e+02 1.377190044060766061e+00 1.301580670390634943e-02 0.000000000000000000e+00 2.552039019436243977e-02 0.000000000000000000e+00 0.000000000000000000e+00 0.000000000000000000e+00 0.000000000000000000e+00 0.000000000000000000e+00 0.000000000000000000e+00 0.000000000000000000e+00 1.461472709454183061e+00 -4.055493911609467927e-01 0.000000000000000000e+00 -4.055493911609467927e-01 5.535362552152869320e-01 0.000000000000000000e+00 0.000000000000000000e+00 0.000000000000000000e+00 7.393711234520630171e-01 1.716248304359946886e+01 0.000000000000000000e+00 0.000000000000000000e+00
1.064297269383792042e+02 1.337236186047614073e+00 1.241325650357587990e-02 0.000000000000000000e+00 2.480724342010568947e-02 0.000000000000000000e+00 0.000000000000000000e+00 0.000000000000000000e+00 0.000000000000000000e+00 0.000000000000000000e+00 0.000000000000000000e+00 0.000000000000000000e+00 1.414624436963475951e+00 -3.911008237579440272e-01 0.000000000000000000e+00 -3.911008237579440272e-01 5.422130782052121400e-01 0.000000000000000000e+00 0.000000000000000000e+00 0.000000000000000000e+00 7.176348569265408317e-01 1.723223831568594022e+01 0.000000000000000000e+00 0.000000000000000000e+00
1.092232647341723037e+02 1.297897218087179061e+00 1.184073001432218997e-02 0.000000000000000000e+00 2.410038154306751862e-02 0.000000000000000000e+00 0.000000000000000000e+00 0.000000000000000000e+00 0.000000000000000000e+00 0.000000000000000000e+00 0.000000000000000000e+00 0.000000000000000000e+00 1.368656225775354951e+00 -3.765180498079873095e-01 0.000000000000000000e+00 -3.765180498079873095e-01 5.310163972069326110e-01 0.000000000000000000e+00 0.000000000000000000e+00 0.000000000000000000e+00 6.961218131920705599e-01 1.730054835940957858e+01 0.000000000000000000e+00 0.000000000000000000e+00
1.120373963147696941e+02 1.259137730762643903e+00 1.130029642064495077e-02 0.000000000000000000e+00 2.339747288814953904e-02 0.000000000000000000e+00 0.000000000000000000e+00 0.000000000000000000e+00 0.000000000000000000e+00 0.000000000000000000e+00 0.000000000000000000e+00 0.000000000000000000e+00 1.323410189059603059e+00 -3.618080560955028169e-01 0.000000000000000000e+00 -3.618080560955028169e-01 5.199861330288058081e-01 0.000000000000000000e+00 0.000000000000000000e+00 0.000000000000000000e+00 6.748791394368789387e-01 1.736737943380800075e+01 0.000000000000000000e+00 0.000000000000000000e+00
1.148713263254769998e+02 1.220993019613678010e+00 1.078900855928763974e-02 0.000000000000000000e+00 2.269232098519973970e-02 0.000000000000000000e+00 0.000000000000000000e+00 0.000000000000000000e+00 0.000000000000000000e+00 0.000000000000000000e+00 0.000000000000000000e+00 0.000000000000000000e+00 1.278854291715610936e+00 -3.469759850557260772e-01 0.000000000000000000e+00 -3.469759850557260772e-01 5.091553856752683016e-01 0.000000000000000000e+00 0.000000000000000000e+00 0.000000000000000000e+00 6.539763618364767828e-01 1.743268741395910837e+01 0.000000000000000000e+00 0.000000000000000000e+00
1.177242538159926966e+02 1.183531398977534010e+00 1.030393954448190035e-02 0.000000000000000000e+00 2.197623896180869035e-02 0.000000000000000000e+00 0.000000000000000000e+00 0.000000000000000000e+00 0.000000000000000000e+00 0.000000000000000000e+00 0.000000000000000000e+00 0.000000000000000000e+00 1.235011823731940961e+00 -3.320274232978602247e-01 0.000000000000000000e+00 -3.320274232978602247e-01 4.985545370331221915e-01 0.000000000000000000e+00 0.000000000000000000e+00 0.000000000000000000e+00 6.334964371900061453e-01 1.749640807217663863e+01 0.000000000000000000e+00 0.000000000000000000e+00
1.205953724667802049e+02 1.146821792432412002e+00 9.842324543319144400e-03 0.000000000000000000e+00 2.124092144987956010e-02 0.000000000000000000e+00 0.000000000000000000e+00 0.000000000000000000e+00 0.000000000000000000e+00 0.000000000000000000e+00 0.000000000000000000e+00 0.000000000000000000e+00 1.191900418256977900e+00 -3.169749841707907856e-01 0.000000000000000000e+00 -3.169749841707907856e-01 4.882190760212318237e-01 0.000000000000000000e+00 0.000000000000000000e+00 0.000000000000000000e+00 6.135240905866135019e-01 1.755845313180477163e+01 0.000000000000000000e+00 0.000000000000000000e+00
1.234838708169563972e+02 1.110910491322447013e+00 9.404784538416269268e-03 0.000000000000000000e+00 2.048196237662670144e-02 0.000000000000000000e+00 0.000000000000000000e+00 0.000000000000000000e+00 0.000000000000000000e+00 0.000000000000000000e+00 0.000000000000000000e+00 0.000000000000000000e+00 1.149547070222213030e+00 -3.018390210760298897e-01 0.000000000000000000e+00 -3.018390210760298897e-01 4.781935547339069004e-01 0.000000000000000000e+00 0.000000000000000000e+00 0.000000000000000000e+00 5.940803576887727644e-01 1.761871616470093116e+01 0.000000000000000000e+00 0.000000000000000000e+00
1.263889324936344991e+02 1.075822193929232062e+00 8.993148950579689035e-03 0.000000000000000000e+00 1.969875990390966905e-02 0.000000000000000000e+00 0.000000000000000000e+00 0.000000000000000000e+00 0.000000000000000000e+00 0.000000000000000000e+00 0.000000000000000000e+00 0.000000000000000000e+00 1.107995314317987035e+00 -2.866404574479777811e-01 0.000000000000000000e+00 -2.866404574479777811e-01 4.685304758771235978e-01 0.000000000000000000e+00 0.000000000000000000e+00 0.000000000000000000e+00 5.751185976633527153e-01 1.767708464356820031e+01 0.000000000000000000e+00 0.000000000000000000e+00
1.293097364426540139e+02 1.041595388609110051e+00 8.607176977467611428e-03 0.000000000000000000e+00 1.889254083868286901e-02 0.000000000000000000e+00 0.000000000000000000e+00 0.000000000000000000e+00 0.000000000000000000e+00 0.000000000000000000e+00 0.000000000000000000e+00 0.000000000000000000e+00 1.067285373479033961e+00 -2.713932386017218756e-01 0.000000000000000000e+00 -2.713932386017218756e-01 4.592791073977225969e-01 0.000000000000000000e+00 0.000000000000000000e+00 0.000000000000000000e+00 5.566262963414628784e-01 1.773344773526568829e+01 0.000000000000000000e+00 0.000000000000000000e+00
1.322454571606346008e+02 1.008308757558552093e+00 8.247121615877142306e-03 0.000000000000000000e+00 1.806571729389293973e-02 0.000000000000000000e+00 0.000000000000000000e+00 0.000000000000000000e+00 0.000000000000000000e+00 0.000000000000000000e+00 0.000000000000000000e+00 0.000000000000000000e+00 1.027491885659800985e+00 -2.561008322409477067e-01 0.000000000000000000e+00 -2.561008322409477067e-01 4.504741328256228750e-01 0.000000000000000000e+00 0.000000000000000000e+00 0.000000000000000000e+00 5.386514966316802155e-01 1.778770118111744836e+01 0.000000000000000000e+00 0.000000000000000000e+00
1.351952649282874006e+02 9.760799208371130353e-01 7.910473593063632389e-03 0.000000000000000000e+00 1.721694419729245112e-02 0.000000000000000000e+00 0.000000000000000000e+00 0.000000000000000000e+00 0.000000000000000000e+00 0.000000000000000000e+00 0.000000000000000000e+00 0.000000000000000000e+00 9.887267527821932411e-01 -2.407598510283101012e-01 0.000000000000000000e+00 -2.407598510283101012e-01 4.421361366670499837e-01 0.000000000000000000e+00 0.000000000000000000e+00 0.000000000000000000e+00 5.212969522249828458e-01 1.783974484741559152e+01 0.000000000000000000e+00 0.000000000000000000e+00
1.381583260449166914e+02 9.450130665762583870e-01 7.595060649914869150e-03 0.000000000000000000e+00 1.633995417800497910e-02 0.000000000000000000e+00 0.000000000000000000e+00 0.000000000000000000e+00 0.000000000000000000e+00 0.000000000000000000e+00 0.000000000000000000e+00 0.000000000000000000e+00 9.510615443652650214e-01 -2.253727999477634081e-01 0.000000000000000000e+00 -2.253727999477634081e-01 4.342794550312024104e-01 0.000000000000000000e+00 0.000000000000000000e+00 0.000000000000000000e+00 5.046851337560492867e-01 1.788946716269731141e+01 0.000000000000000000e+00 0.000000000000000000e+00
1.411338030640490047e+02 9.151770184185038515e-01 7.303387696938832760e-03 0.000000000000000000e+00 1.543116892699840023e-02 0.000000000000000000e+00 0.000000000000000000e+00 0.000000000000000000e+00 0.000000000000000000e+00 0.000000000000000000e+00 0.000000000000000000e+00 0.000000000000000000e+00 9.145368010196306408e-01 -2.099468301088721900e-01 0.000000000000000000e+00 -2.099468301088721900e-01 4.269177170998431081e-01 0.000000000000000000e+00 0.000000000000000000e+00 0.000000000000000000e+00 4.888995187175341206e-01 1.793674125922056106e+01 0.000000000000000000e+00 0.000000000000000000e+00
1.441208550301184061e+02 8.866733369475089388e-01 7.035053973297246063e-03 0.000000000000000000e+00 1.449079623841332057e-02 0.000000000000000000e+00 0.000000000000000000e+00 0.000000000000000000e+00 0.000000000000000000e+00 0.000000000000000000e+00 0.000000000000000000e+00 0.000000000000000000e+00 8.792637294757265076e-01 -1.944834291812942983e-01 0.000000000000000000e+00 -1.944834291812942983e-01 4.200604836495097083e-01 0.000000000000000000e+00 0.000000000000000000e+00 0.000000000000000000e+00 4.740224607697816062e-01 1.798143758042808926e+01 0.000000000000000000e+00 0.000000000000000000e+00
1.471186377161457131e+02 8.596681306119354771e-01 6.785390014315400078e-03 0.000000000000000000e+00 1.351574101870257026e-02 0.000000000000000000e+00 0.000000000000000000e+00 0.000000000000000000e+00 0.000000000000000000e+00 0.000000000000000000e+00 0.000000000000000000e+00 0.000000000000000000e+00 8.454806363459527185e-01 -1.789831933863726965e-01 0.000000000000000000e+00 -1.789831933863726965e-01 4.137114195117813087e-01 0.000000000000000000e+00 0.000000000000000000e+00 0.000000000000000000e+00 4.601442053661369269e-01 1.802342499001055032e+01 0.000000000000000000e+00 0.000000000000000000e+00
1.501263038623407908e+02 8.343221501270102758e-01 6.552801103725822661e-03 0.000000000000000000e+00 1.249962699956621952e-02 0.000000000000000000e+00 0.000000000000000000e+00 0.000000000000000000e+00 0.000000000000000000e+00 0.000000000000000000e+00 0.000000000000000000e+00 0.000000000000000000e+00 8.134645895824929029e-01 -1.634553752101730872e-01 0.000000000000000000e+00 -1.634553752101730872e-01 4.078762747892916152e-01 0.000000000000000000e+00 0.000000000000000000e+00 0.000000000000000000e+00 4.473034358822360890e-01 1.806255782388764075e+01 0.000000000000000000e+00 0.000000000000000000e+00
1.531430034155627879e+02 8.107446033950136410e-01 6.340923527588204940e-03 0.000000000000000000e+00 1.144069758861199042e-02 0.000000000000000000e+00 0.000000000000000000e+00 0.000000000000000000e+00 0.000000000000000000e+00 0.000000000000000000e+00 0.000000000000000000e+00 0.000000000000000000e+00 7.834469291993515494e-01 -1.479071959121091018e-01 0.000000000000000000e+00 -1.479071959121091018e-01 4.025664827829035786e-01 0.000000000000000000e+00 0.000000000000000000e+00 0.000000000000000000e+00 4.354757948077719876e-01 1.809867785606786939e+01 0.000000000000000000e+00 0.000000000000000000e+00
1.561678837695700111e+02 7.890458943235658662e-01 6.151481084731900625e-03 0.000000000000000000e+00 1.034331287508396917e-02 0.000000000000000000e+00 0.000000000000000000e+00 0.000000000000000000e+00 0.000000000000000000e+00 0.000000000000000000e+00 0.000000000000000000e+00 0.000000000000000000e+00 7.556501883031875311e-01 -1.323373990722959137e-01 0.000000000000000000e+00 -1.323373990722959137e-01 3.977920048104151007e-01 0.000000000000000000e+00 0.000000000000000000e+00 0.000000000000000000e+00 4.246495955335293226e-01 1.813163300638840880e+01 0.000000000000000000e+00 0.000000000000000000e+00
1.592000900059900914e+02 7.693603227808228917e-01 5.984515859538726799e-03 0.000000000000000000e+00 9.214818360577626405e-03 0.000000000000000000e+00 0.000000000000000000e+00 0.000000000000000000e+00 0.000000000000000000e+00 0.000000000000000000e+00 0.000000000000000000e+00 0.000000000000000000e+00 7.303066895575521800e-01 -1.167442645221759973e-01 0.000000000000000000e+00 -1.167442645221759973e-01 3.935575537111211109e-01 0.000000000000000000e+00 0.000000000000000000e+00 0.000000000000000000e+00 4.148564022929723816e-01 1.816129140022525945e+01 0.000000000000000000e+00 0.000000000000000000e+00
1.622387651359456981e+02 7.518278110992737684e-01 5.840119586929268594e-03 0.000000000000000000e+00 8.061197460693329819e-03 0.000000000000000000e+00 0.000000000000000000e+00 0.000000000000000000e+00 0.000000000000000000e+00 0.000000000000000000e+00 0.000000000000000000e+00 0.000000000000000000e+00 7.076353547556795132e-01 -1.011321307152499988e-01 0.000000000000000000e+00 -1.011321307152499988e-01 3.898636529269430828e-01 0.000000000000000000e+00 0.000000000000000000e+00 0.000000000000000000e+00 4.061566145159248853e-01 1.818754492661939892e+01 0.000000000000000000e+00 0.000000000000000000e+00
1.652830503422634081e+02 7.365845742117205219e-01 5.716654382081966593e-03 0.000000000000000000e+00 6.883399460037712032e-03 0.000000000000000000e+00 0.000000000000000000e+00 0.000000000000000000e+00 0.000000000000000000e+00 0.000000000000000000e+00 0.000000000000000000e+00 0.000000000000000000e+00 6.878334025756789316e-01 -8.551772378290363463e-02 0.000000000000000000e+00 -8.551772378290363463e-02 3.867052807121916791e-01 0.000000000000000000e+00 0.000000000000000000e+00 0.000000000000000000e+00 3.986304651355703221e-01 1.821029861421121865e+01 0.000000000000000000e+00 0.000000000000000000e+00
1.683320852222005897e+02 7.237370892232367625e-01 5.613582377754279019e-03 0.000000000000000000e+00 5.678660658819130631e-03 0.000000000000000000e+00 0.000000000000000000e+00 0.000000000000000000e+00 0.000000000000000000e+00 0.000000000000000000e+00 0.000000000000000000e+00 0.000000000000000000e+00 6.710481862161358224e-01 -6.992134223657946179e-02 0.000000000000000000e+00 -6.992134223657946179e-02 3.840752847731103148e-01 0.000000000000000000e+00 0.000000000000000000e+00 0.000000000000000000e+00 3.923507074572274989e-01 1.822945651693691005e+01 0.000000000000000000e+00 0.000000000000000000e+00
1.713850080306200141e+02 7.133622140378289567e-01 5.531412366946363360e-03 0.000000000000000000e+00 4.445470403465290668e-03 0.000000000000000000e+00 0.000000000000000000e+00 0.000000000000000000e+00 0.000000000000000000e+00 0.000000000000000000e+00 0.000000000000000000e+00 0.000000000000000000e+00 6.573929167875595114e-01 -5.435220112394169995e-02 0.000000000000000000e+00 -5.435220112394169995e-02 3.819697062910452079e-01 0.000000000000000000e+00 0.000000000000000000e+00 0.000000000000000000e+00 3.873618049970530830e-01 1.824491720935026962e+01 0.000000000000000000e+00 0.000000000000000000e+00
1.744409559235436973e+02 7.055276572609978647e-01 5.470110698792672414e-03 0.000000000000000000e+00 3.188700460279191972e-03 0.000000000000000000e+00 0.000000000000000000e+00 0.000000000000000000e+00 0.000000000000000000e+00 0.000000000000000000e+00 0.000000000000000000e+00 0.000000000000000000e+00 6.469951284853208140e-01 -3.880604703022857288e-02 0.000000000000000000e+00 -3.880604703022857288e-02 3.803884248621026143e-01 0.000000000000000000e+00 0.000000000000000000e+00 0.000000000000000000e+00 3.836717611745724121e-01 1.825658665612607123e+01 0.000000000000000000e+00 0.000000000000000000e+00
1.774990652020177890e+02 7.002911044550141906e-01 5.428468873326404778e-03 0.000000000000000000e+00 1.917301567485741936e-03 0.000000000000000000e+00 0.000000000000000000e+00 0.000000000000000000e+00 0.000000000000000000e+00 0.000000000000000000e+00 0.000000000000000000e+00 0.000000000000000000e+00 6.400011433523355997e-01 -2.327608979168133141e-02 0.000000000000000000e+00 -2.327608979168133141e-02 3.793335147711627831e-01 0.000000000000000000e+00 0.000000000000000000e+00 0.000000000000000000e+00 3.812475507865301094e-01 1.826439641260666846e+01 0.000000000000000000e+00 0.000000000000000000e+00
1.805584715562183931e+02 6.976753290255170992e-01 5.407009823946941872e-03 0.000000000000000000e+00 6.395405645203566412e-04 0.000000000000000000e+00 0.000000000000000000e+00 0.000000000000000000e+00 0.000000000000000000e+00 0.000000000000000000e+00 0.000000000000000000e+00 0.000000000000000000e+00 6.364999168940690399e-01 -7.757293224883197308e-03 0.000000000000000000e+00 -7.757293224883197308e-03 3.788062845778146226e-01 0.000000000000000000e+00 0.000000000000000000e+00 0.000000000000000000e+00 3.800444565791505913e-01 1.826830831045079151e+01 0.000000000000000000e+00 0.000000000000000000e+00
